{
 "cells": [
  {
   "cell_type": "code",
   "execution_count": 1,
   "metadata": {
    "collapsed": false
   },
   "outputs": [],
   "source": [
    "import numpy as np\n",
    "from pandas import Series, DataFrame\n",
    "import pandas as pd\n",
    "from sklearn.cluster import KMeans\n",
    "from sklearn.preprocessing import scale\n",
    "import matplotlib.pylab as plt"
   ]
  },
  {
   "cell_type": "code",
   "execution_count": 2,
   "metadata": {
    "collapsed": true
   },
   "outputs": [],
   "source": [
    "olddf=pd.read_json('../01_Preprocessing//First.json').sort_index()"
   ]
  },
  {
   "cell_type": "code",
   "execution_count": 3,
   "metadata": {
    "collapsed": false
   },
   "outputs": [
    {
     "data": {
      "text/html": [
       "<div>\n",
       "<table border=\"1\" class=\"dataframe\">\n",
       "  <thead>\n",
       "    <tr style=\"text-align: right;\">\n",
       "      <th></th>\n",
       "      <th>country</th>\n",
       "      <th>countryCoded</th>\n",
       "      <th>degree</th>\n",
       "      <th>degreeCoded</th>\n",
       "      <th>eng</th>\n",
       "      <th>engCoded</th>\n",
       "      <th>fieldGroup</th>\n",
       "      <th>fund</th>\n",
       "      <th>gpaBachelors</th>\n",
       "      <th>gpaMasters</th>\n",
       "      <th>gre</th>\n",
       "      <th>highLevelBachUni</th>\n",
       "      <th>highLevelMasterUni</th>\n",
       "      <th>papersGLOB</th>\n",
       "      <th>papersIRAN</th>\n",
       "      <th>targetUni</th>\n",
       "      <th>uniAccepted</th>\n",
       "      <th>uniSelected</th>\n",
       "      <th>year</th>\n",
       "    </tr>\n",
       "  </thead>\n",
       "  <tbody>\n",
       "    <tr>\n",
       "      <th>2</th>\n",
       "      <td>united kingdom</td>\n",
       "      <td>4</td>\n",
       "      <td>Doctorate</td>\n",
       "      <td>1</td>\n",
       "      <td>High</td>\n",
       "      <td>1</td>\n",
       "      <td>7</td>\n",
       "      <td>True</td>\n",
       "      <td>3.5</td>\n",
       "      <td>3.442986</td>\n",
       "      <td>False</td>\n",
       "      <td>False</td>\n",
       "      <td>False</td>\n",
       "      <td>4</td>\n",
       "      <td>8</td>\n",
       "      <td>heriot watt , edinburgh</td>\n",
       "      <td>n/a</td>\n",
       "      <td>heriot watt , edinburgh</td>\n",
       "      <td>2007</td>\n",
       "    </tr>\n",
       "    <tr>\n",
       "      <th>3</th>\n",
       "      <td>united states</td>\n",
       "      <td>0</td>\n",
       "      <td>Doctorate</td>\n",
       "      <td>1</td>\n",
       "      <td>VeryHigh</td>\n",
       "      <td>0</td>\n",
       "      <td>5</td>\n",
       "      <td>True</td>\n",
       "      <td>2.5</td>\n",
       "      <td>3.500000</td>\n",
       "      <td>True</td>\n",
       "      <td>True</td>\n",
       "      <td>False</td>\n",
       "      <td>8</td>\n",
       "      <td>10</td>\n",
       "      <td>northwestern</td>\n",
       "      <td>epfl switzerland, northwestern</td>\n",
       "      <td>northwestern</td>\n",
       "      <td>2010</td>\n",
       "    </tr>\n",
       "  </tbody>\n",
       "</table>\n",
       "</div>"
      ],
      "text/plain": [
       "          country  countryCoded     degree  degreeCoded       eng  engCoded  \\\n",
       "2  united kingdom             4  Doctorate            1      High         1   \n",
       "3   united states             0  Doctorate            1  VeryHigh         0   \n",
       "\n",
       "   fieldGroup  fund  gpaBachelors  gpaMasters    gre highLevelBachUni  \\\n",
       "2           7  True           3.5    3.442986  False            False   \n",
       "3           5  True           2.5    3.500000   True             True   \n",
       "\n",
       "  highLevelMasterUni  papersGLOB  papersIRAN                targetUni  \\\n",
       "2              False           4           8  heriot watt , edinburgh   \n",
       "3              False           8          10             northwestern   \n",
       "\n",
       "                      uniAccepted              uniSelected  year  \n",
       "2                             n/a  heriot watt , edinburgh  2007  \n",
       "3  epfl switzerland, northwestern             northwestern  2010  "
      ]
     },
     "execution_count": 3,
     "metadata": {},
     "output_type": "execute_result"
    }
   ],
   "source": [
    "olddf.head(2)"
   ]
  },
  {
   "cell_type": "code",
   "execution_count": 4,
   "metadata": {
    "collapsed": true
   },
   "outputs": [],
   "source": [
    "olddf.targetUni.replace('n/a',np.nan,inplace=True)"
   ]
  },
  {
   "cell_type": "code",
   "execution_count": 5,
   "metadata": {
    "collapsed": false
   },
   "outputs": [
    {
     "data": {
      "text/plain": [
       "Index([u'country', u'countryCoded', u'degree', u'degreeCoded', u'eng',\n",
       "       u'engCoded', u'fieldGroup', u'fund', u'gpaBachelors', u'gpaMasters',\n",
       "       u'gre', u'highLevelBachUni', u'highLevelMasterUni', u'papersGLOB',\n",
       "       u'papersIRAN', u'targetUni', u'uniAccepted', u'uniSelected', u'year'],\n",
       "      dtype='object')"
      ]
     },
     "execution_count": 5,
     "metadata": {},
     "output_type": "execute_result"
    }
   ],
   "source": [
    "olddf.columns"
   ]
  },
  {
   "cell_type": "code",
   "execution_count": 6,
   "metadata": {
    "collapsed": false
   },
   "outputs": [],
   "source": [
    "df=olddf[['countryCoded', 'degreeCoded','engCoded', 'fieldGroup', 'fund',\n",
    "          'gpaBachelors', 'gpaMasters','gre', 'highLevelBachUni', 'highLevelMasterUni',\n",
    "          'papersGLOB','papersIRAN','year']]"
   ]
  },
  {
   "cell_type": "code",
   "execution_count": 25,
   "metadata": {
    "collapsed": false
   },
   "outputs": [
    {
     "data": {
      "text/html": [
       "<div>\n",
       "<table border=\"1\" class=\"dataframe\">\n",
       "  <thead>\n",
       "    <tr style=\"text-align: right;\">\n",
       "      <th></th>\n",
       "      <th>countryCoded</th>\n",
       "      <th>degreeCoded</th>\n",
       "      <th>engCoded</th>\n",
       "      <th>fieldGroup</th>\n",
       "      <th>fund</th>\n",
       "      <th>gpaBachelors</th>\n",
       "      <th>gpaMasters</th>\n",
       "      <th>gre</th>\n",
       "      <th>highLevelBachUni</th>\n",
       "      <th>highLevelMasterUni</th>\n",
       "      <th>papersGLOB</th>\n",
       "      <th>papersIRAN</th>\n",
       "      <th>year</th>\n",
       "    </tr>\n",
       "  </thead>\n",
       "  <tbody>\n",
       "    <tr>\n",
       "      <th>countryCoded</th>\n",
       "      <td>1.000000</td>\n",
       "      <td>-0.242557</td>\n",
       "      <td>0.223448</td>\n",
       "      <td>-0.058426</td>\n",
       "      <td>-0.250685</td>\n",
       "      <td>-0.089071</td>\n",
       "      <td>-0.020520</td>\n",
       "      <td>-0.356188</td>\n",
       "      <td>-0.156446</td>\n",
       "      <td>-0.204001</td>\n",
       "      <td>-0.054296</td>\n",
       "      <td>-0.011518</td>\n",
       "      <td>0.035670</td>\n",
       "    </tr>\n",
       "    <tr>\n",
       "      <th>degreeCoded</th>\n",
       "      <td>-0.242557</td>\n",
       "      <td>1.000000</td>\n",
       "      <td>-0.180362</td>\n",
       "      <td>0.050019</td>\n",
       "      <td>0.507069</td>\n",
       "      <td>0.055572</td>\n",
       "      <td>0.034925</td>\n",
       "      <td>0.277032</td>\n",
       "      <td>0.146557</td>\n",
       "      <td>0.558625</td>\n",
       "      <td>0.349665</td>\n",
       "      <td>0.220017</td>\n",
       "      <td>0.067163</td>\n",
       "    </tr>\n",
       "    <tr>\n",
       "      <th>engCoded</th>\n",
       "      <td>0.223448</td>\n",
       "      <td>-0.180362</td>\n",
       "      <td>1.000000</td>\n",
       "      <td>-0.024266</td>\n",
       "      <td>-0.240378</td>\n",
       "      <td>-0.150995</td>\n",
       "      <td>-0.062658</td>\n",
       "      <td>-0.280492</td>\n",
       "      <td>-0.245169</td>\n",
       "      <td>-0.167391</td>\n",
       "      <td>-0.026694</td>\n",
       "      <td>0.025127</td>\n",
       "      <td>-0.039441</td>\n",
       "    </tr>\n",
       "    <tr>\n",
       "      <th>fieldGroup</th>\n",
       "      <td>-0.058426</td>\n",
       "      <td>0.050019</td>\n",
       "      <td>-0.024266</td>\n",
       "      <td>1.000000</td>\n",
       "      <td>0.029535</td>\n",
       "      <td>0.030246</td>\n",
       "      <td>0.059075</td>\n",
       "      <td>0.010689</td>\n",
       "      <td>0.021189</td>\n",
       "      <td>0.038417</td>\n",
       "      <td>0.027824</td>\n",
       "      <td>-0.003484</td>\n",
       "      <td>0.037319</td>\n",
       "    </tr>\n",
       "    <tr>\n",
       "      <th>fund</th>\n",
       "      <td>-0.250685</td>\n",
       "      <td>0.507069</td>\n",
       "      <td>-0.240378</td>\n",
       "      <td>0.029535</td>\n",
       "      <td>1.000000</td>\n",
       "      <td>0.154465</td>\n",
       "      <td>0.060127</td>\n",
       "      <td>0.300314</td>\n",
       "      <td>0.209170</td>\n",
       "      <td>0.363753</td>\n",
       "      <td>0.263139</td>\n",
       "      <td>0.136335</td>\n",
       "      <td>0.071757</td>\n",
       "    </tr>\n",
       "    <tr>\n",
       "      <th>gpaBachelors</th>\n",
       "      <td>-0.089071</td>\n",
       "      <td>0.055572</td>\n",
       "      <td>-0.150995</td>\n",
       "      <td>0.030246</td>\n",
       "      <td>0.154465</td>\n",
       "      <td>1.000000</td>\n",
       "      <td>0.219793</td>\n",
       "      <td>0.023537</td>\n",
       "      <td>0.023598</td>\n",
       "      <td>0.036417</td>\n",
       "      <td>-0.019028</td>\n",
       "      <td>-0.012367</td>\n",
       "      <td>0.069588</td>\n",
       "    </tr>\n",
       "    <tr>\n",
       "      <th>gpaMasters</th>\n",
       "      <td>-0.020520</td>\n",
       "      <td>0.034925</td>\n",
       "      <td>-0.062658</td>\n",
       "      <td>0.059075</td>\n",
       "      <td>0.060127</td>\n",
       "      <td>0.219793</td>\n",
       "      <td>1.000000</td>\n",
       "      <td>-0.006572</td>\n",
       "      <td>0.027471</td>\n",
       "      <td>-0.008423</td>\n",
       "      <td>0.059213</td>\n",
       "      <td>0.009890</td>\n",
       "      <td>0.064811</td>\n",
       "    </tr>\n",
       "    <tr>\n",
       "      <th>gre</th>\n",
       "      <td>-0.356188</td>\n",
       "      <td>0.277032</td>\n",
       "      <td>-0.280492</td>\n",
       "      <td>0.010689</td>\n",
       "      <td>0.300314</td>\n",
       "      <td>0.023537</td>\n",
       "      <td>-0.006572</td>\n",
       "      <td>1.000000</td>\n",
       "      <td>0.252744</td>\n",
       "      <td>0.231083</td>\n",
       "      <td>0.094337</td>\n",
       "      <td>0.009071</td>\n",
       "      <td>0.006196</td>\n",
       "    </tr>\n",
       "    <tr>\n",
       "      <th>highLevelBachUni</th>\n",
       "      <td>-0.156446</td>\n",
       "      <td>0.146557</td>\n",
       "      <td>-0.245169</td>\n",
       "      <td>0.021189</td>\n",
       "      <td>0.209170</td>\n",
       "      <td>0.023598</td>\n",
       "      <td>0.027471</td>\n",
       "      <td>0.252744</td>\n",
       "      <td>1.000000</td>\n",
       "      <td>0.273771</td>\n",
       "      <td>-0.004304</td>\n",
       "      <td>-0.026010</td>\n",
       "      <td>-0.047905</td>\n",
       "    </tr>\n",
       "    <tr>\n",
       "      <th>highLevelMasterUni</th>\n",
       "      <td>-0.204001</td>\n",
       "      <td>0.558625</td>\n",
       "      <td>-0.167391</td>\n",
       "      <td>0.038417</td>\n",
       "      <td>0.363753</td>\n",
       "      <td>0.036417</td>\n",
       "      <td>-0.008423</td>\n",
       "      <td>0.231083</td>\n",
       "      <td>0.273771</td>\n",
       "      <td>1.000000</td>\n",
       "      <td>0.173397</td>\n",
       "      <td>0.122391</td>\n",
       "      <td>0.014724</td>\n",
       "    </tr>\n",
       "    <tr>\n",
       "      <th>papersGLOB</th>\n",
       "      <td>-0.054296</td>\n",
       "      <td>0.349665</td>\n",
       "      <td>-0.026694</td>\n",
       "      <td>0.027824</td>\n",
       "      <td>0.263139</td>\n",
       "      <td>-0.019028</td>\n",
       "      <td>0.059213</td>\n",
       "      <td>0.094337</td>\n",
       "      <td>-0.004304</td>\n",
       "      <td>0.173397</td>\n",
       "      <td>1.000000</td>\n",
       "      <td>0.279791</td>\n",
       "      <td>0.037408</td>\n",
       "    </tr>\n",
       "    <tr>\n",
       "      <th>papersIRAN</th>\n",
       "      <td>-0.011518</td>\n",
       "      <td>0.220017</td>\n",
       "      <td>0.025127</td>\n",
       "      <td>-0.003484</td>\n",
       "      <td>0.136335</td>\n",
       "      <td>-0.012367</td>\n",
       "      <td>0.009890</td>\n",
       "      <td>0.009071</td>\n",
       "      <td>-0.026010</td>\n",
       "      <td>0.122391</td>\n",
       "      <td>0.279791</td>\n",
       "      <td>1.000000</td>\n",
       "      <td>-0.000947</td>\n",
       "    </tr>\n",
       "    <tr>\n",
       "      <th>year</th>\n",
       "      <td>0.035670</td>\n",
       "      <td>0.067163</td>\n",
       "      <td>-0.039441</td>\n",
       "      <td>0.037319</td>\n",
       "      <td>0.071757</td>\n",
       "      <td>0.069588</td>\n",
       "      <td>0.064811</td>\n",
       "      <td>0.006196</td>\n",
       "      <td>-0.047905</td>\n",
       "      <td>0.014724</td>\n",
       "      <td>0.037408</td>\n",
       "      <td>-0.000947</td>\n",
       "      <td>1.000000</td>\n",
       "    </tr>\n",
       "  </tbody>\n",
       "</table>\n",
       "</div>"
      ],
      "text/plain": [
       "                    countryCoded  degreeCoded  engCoded  fieldGroup      fund  \\\n",
       "countryCoded            1.000000    -0.242557  0.223448   -0.058426 -0.250685   \n",
       "degreeCoded            -0.242557     1.000000 -0.180362    0.050019  0.507069   \n",
       "engCoded                0.223448    -0.180362  1.000000   -0.024266 -0.240378   \n",
       "fieldGroup             -0.058426     0.050019 -0.024266    1.000000  0.029535   \n",
       "fund                   -0.250685     0.507069 -0.240378    0.029535  1.000000   \n",
       "gpaBachelors           -0.089071     0.055572 -0.150995    0.030246  0.154465   \n",
       "gpaMasters             -0.020520     0.034925 -0.062658    0.059075  0.060127   \n",
       "gre                    -0.356188     0.277032 -0.280492    0.010689  0.300314   \n",
       "highLevelBachUni       -0.156446     0.146557 -0.245169    0.021189  0.209170   \n",
       "highLevelMasterUni     -0.204001     0.558625 -0.167391    0.038417  0.363753   \n",
       "papersGLOB             -0.054296     0.349665 -0.026694    0.027824  0.263139   \n",
       "papersIRAN             -0.011518     0.220017  0.025127   -0.003484  0.136335   \n",
       "year                    0.035670     0.067163 -0.039441    0.037319  0.071757   \n",
       "\n",
       "                    gpaBachelors  gpaMasters       gre  highLevelBachUni  \\\n",
       "countryCoded           -0.089071   -0.020520 -0.356188         -0.156446   \n",
       "degreeCoded             0.055572    0.034925  0.277032          0.146557   \n",
       "engCoded               -0.150995   -0.062658 -0.280492         -0.245169   \n",
       "fieldGroup              0.030246    0.059075  0.010689          0.021189   \n",
       "fund                    0.154465    0.060127  0.300314          0.209170   \n",
       "gpaBachelors            1.000000    0.219793  0.023537          0.023598   \n",
       "gpaMasters              0.219793    1.000000 -0.006572          0.027471   \n",
       "gre                     0.023537   -0.006572  1.000000          0.252744   \n",
       "highLevelBachUni        0.023598    0.027471  0.252744          1.000000   \n",
       "highLevelMasterUni      0.036417   -0.008423  0.231083          0.273771   \n",
       "papersGLOB             -0.019028    0.059213  0.094337         -0.004304   \n",
       "papersIRAN             -0.012367    0.009890  0.009071         -0.026010   \n",
       "year                    0.069588    0.064811  0.006196         -0.047905   \n",
       "\n",
       "                    highLevelMasterUni  papersGLOB  papersIRAN      year  \n",
       "countryCoded                 -0.204001   -0.054296   -0.011518  0.035670  \n",
       "degreeCoded                   0.558625    0.349665    0.220017  0.067163  \n",
       "engCoded                     -0.167391   -0.026694    0.025127 -0.039441  \n",
       "fieldGroup                    0.038417    0.027824   -0.003484  0.037319  \n",
       "fund                          0.363753    0.263139    0.136335  0.071757  \n",
       "gpaBachelors                  0.036417   -0.019028   -0.012367  0.069588  \n",
       "gpaMasters                   -0.008423    0.059213    0.009890  0.064811  \n",
       "gre                           0.231083    0.094337    0.009071  0.006196  \n",
       "highLevelBachUni              0.273771   -0.004304   -0.026010 -0.047905  \n",
       "highLevelMasterUni            1.000000    0.173397    0.122391  0.014724  \n",
       "papersGLOB                    0.173397    1.000000    0.279791  0.037408  \n",
       "papersIRAN                    0.122391    0.279791    1.000000 -0.000947  \n",
       "year                          0.014724    0.037408   -0.000947  1.000000  "
      ]
     },
     "execution_count": 25,
     "metadata": {},
     "output_type": "execute_result"
    }
   ],
   "source": [
    "met=['pearson', 'kendall', 'spearman']\n",
    "df.corr(method=met[0])"
   ]
  },
  {
   "cell_type": "code",
   "execution_count": 34,
   "metadata": {
    "collapsed": false
   },
   "outputs": [
    {
     "data": {
      "text/plain": [
       "Series([], dtype: float64)"
      ]
     },
     "execution_count": 34,
     "metadata": {},
     "output_type": "execute_result"
    }
   ],
   "source": [
    "\n",
    "# Canada, Masters, Medium Eng , Want Fund, 2.5GPA , 0GPA MS, NoGRE, NoTopUni,noTopUniMS, 1Paper, 0PaperIran, 2017\n",
    "me=[1, 0, 2, 0, True, 2.5, 0, False, False, False, 1, 0, 2017]\n",
    "me=[4, 1, 1, 7, True, 3.5, 3.44299, False, False, False, 4, 8, 2007]\n",
    "sim=df.corrwith(Series(me), drop=True,axis=1).dropna()\n",
    "sim"
   ]
  },
  {
   "cell_type": "markdown",
   "metadata": {},
   "source": [
    "# ! noting similar"
   ]
  },
  {
   "cell_type": "code",
   "execution_count": null,
   "metadata": {
    "collapsed": true
   },
   "outputs": [],
   "source": []
  }
 ],
 "metadata": {
  "kernelspec": {
   "display_name": "Python 2",
   "language": "python",
   "name": "python2"
  },
  "language_info": {
   "codemirror_mode": {
    "name": "ipython",
    "version": 2
   },
   "file_extension": ".py",
   "mimetype": "text/x-python",
   "name": "python",
   "nbconvert_exporter": "python",
   "pygments_lexer": "ipython2",
   "version": "2.7.13"
  }
 },
 "nbformat": 4,
 "nbformat_minor": 2
}
