{
 "cells": [
  {
   "cell_type": "code",
   "execution_count": 1,
   "metadata": {
    "collapsed": false
   },
   "outputs": [],
   "source": [
    "import numpy as np\n",
    "from pandas import Series, DataFrame\n",
    "import pandas as pd\n",
    "from sklearn.cluster import KMeans\n",
    "from sklearn.preprocessing import scale\n",
    "import matplotlib.pylab as plt"
   ]
  },
  {
   "cell_type": "code",
   "execution_count": 2,
   "metadata": {
    "collapsed": true
   },
   "outputs": [],
   "source": [
    "olddf=pd.read_json('../01_Preprocessing//First.json').sort_index()"
   ]
  },
  {
   "cell_type": "code",
   "execution_count": 3,
   "metadata": {
    "collapsed": false
   },
   "outputs": [
    {
     "data": {
      "text/html": [
       "<div>\n",
       "<table border=\"1\" class=\"dataframe\">\n",
       "  <thead>\n",
       "    <tr style=\"text-align: right;\">\n",
       "      <th></th>\n",
       "      <th>country</th>\n",
       "      <th>countryCoded</th>\n",
       "      <th>degree</th>\n",
       "      <th>degreeCoded</th>\n",
       "      <th>eng</th>\n",
       "      <th>engCoded</th>\n",
       "      <th>fieldGroup</th>\n",
       "      <th>fund</th>\n",
       "      <th>gpaBachelors</th>\n",
       "      <th>gpaMasters</th>\n",
       "      <th>gre</th>\n",
       "      <th>highLevelBachUni</th>\n",
       "      <th>highLevelMasterUni</th>\n",
       "      <th>paper</th>\n",
       "      <th>targetUni</th>\n",
       "      <th>uniAccepted</th>\n",
       "      <th>uniBachelors</th>\n",
       "      <th>uniMasters</th>\n",
       "      <th>uniSelected</th>\n",
       "      <th>year</th>\n",
       "    </tr>\n",
       "  </thead>\n",
       "  <tbody>\n",
       "    <tr>\n",
       "      <th>2</th>\n",
       "      <td>united kingdom</td>\n",
       "      <td>4</td>\n",
       "      <td>Doctorate</td>\n",
       "      <td>1</td>\n",
       "      <td>High</td>\n",
       "      <td>1</td>\n",
       "      <td>7</td>\n",
       "      <td>True</td>\n",
       "      <td>3.5</td>\n",
       "      <td>3.442986</td>\n",
       "      <td>False</td>\n",
       "      <td>False</td>\n",
       "      <td>False</td>\n",
       "      <td>6.0</td>\n",
       "      <td>heriot-watt</td>\n",
       "      <td>n/a</td>\n",
       "      <td>azad</td>\n",
       "      <td>n/a</td>\n",
       "      <td>heriot-watt</td>\n",
       "      <td>2007</td>\n",
       "    </tr>\n",
       "    <tr>\n",
       "      <th>3</th>\n",
       "      <td>united states</td>\n",
       "      <td>0</td>\n",
       "      <td>Doctorate</td>\n",
       "      <td>1</td>\n",
       "      <td>VeryHigh</td>\n",
       "      <td>0</td>\n",
       "      <td>5</td>\n",
       "      <td>True</td>\n",
       "      <td>2.5</td>\n",
       "      <td>3.500000</td>\n",
       "      <td>True</td>\n",
       "      <td>True</td>\n",
       "      <td>False</td>\n",
       "      <td>10.5</td>\n",
       "      <td>northwestern</td>\n",
       "      <td>switzerland</td>\n",
       "      <td>mashhad</td>\n",
       "      <td>portland state</td>\n",
       "      <td>northwestern</td>\n",
       "      <td>2010</td>\n",
       "    </tr>\n",
       "  </tbody>\n",
       "</table>\n",
       "</div>"
      ],
      "text/plain": [
       "          country  countryCoded     degree  degreeCoded       eng  engCoded  \\\n",
       "2  united kingdom             4  Doctorate            1      High         1   \n",
       "3   united states             0  Doctorate            1  VeryHigh         0   \n",
       "\n",
       "   fieldGroup  fund  gpaBachelors  gpaMasters    gre highLevelBachUni  \\\n",
       "2           7  True           3.5    3.442986  False            False   \n",
       "3           5  True           2.5    3.500000   True             True   \n",
       "\n",
       "  highLevelMasterUni  paper     targetUni  uniAccepted uniBachelors  \\\n",
       "2              False    6.0   heriot-watt          n/a         azad   \n",
       "3              False   10.5  northwestern  switzerland      mashhad   \n",
       "\n",
       "       uniMasters   uniSelected  year  \n",
       "2             n/a   heriot-watt  2007  \n",
       "3  portland state  northwestern  2010  "
      ]
     },
     "execution_count": 3,
     "metadata": {},
     "output_type": "execute_result"
    }
   ],
   "source": [
    "olddf.head(2)"
   ]
  },
  {
   "cell_type": "code",
   "execution_count": 4,
   "metadata": {
    "collapsed": true
   },
   "outputs": [],
   "source": [
    "olddf.targetUni.replace('n/a',np.nan,inplace=True)"
   ]
  },
  {
   "cell_type": "code",
   "execution_count": 5,
   "metadata": {
    "collapsed": false
   },
   "outputs": [
    {
     "data": {
      "text/plain": [
       "Index([u'country', u'countryCoded', u'degree', u'degreeCoded', u'eng',\n",
       "       u'engCoded', u'fieldGroup', u'fund', u'gpaBachelors', u'gpaMasters',\n",
       "       u'gre', u'highLevelBachUni', u'highLevelMasterUni', u'paper',\n",
       "       u'targetUni', u'uniAccepted', u'uniBachelors', u'uniMasters',\n",
       "       u'uniSelected', u'year'],\n",
       "      dtype='object')"
      ]
     },
     "execution_count": 5,
     "metadata": {},
     "output_type": "execute_result"
    }
   ],
   "source": [
    "olddf.columns"
   ]
  },
  {
   "cell_type": "code",
   "execution_count": 6,
   "metadata": {
    "collapsed": false
   },
   "outputs": [],
   "source": [
    "df=olddf[['countryCoded', 'degreeCoded','engCoded', 'fieldGroup', 'fund',\n",
    "          'gpaBachelors', 'gpaMasters','gre', 'highLevelBachUni', 'highLevelMasterUni','paper','year']]"
   ]
  },
  {
   "cell_type": "code",
   "execution_count": 7,
   "metadata": {
    "collapsed": false
   },
   "outputs": [
    {
     "data": {
      "text/html": [
       "<div>\n",
       "<table border=\"1\" class=\"dataframe\">\n",
       "  <thead>\n",
       "    <tr style=\"text-align: right;\">\n",
       "      <th></th>\n",
       "      <th>countryCoded</th>\n",
       "      <th>degreeCoded</th>\n",
       "      <th>engCoded</th>\n",
       "      <th>fieldGroup</th>\n",
       "      <th>fund</th>\n",
       "      <th>gpaBachelors</th>\n",
       "      <th>gpaMasters</th>\n",
       "      <th>gre</th>\n",
       "      <th>highLevelBachUni</th>\n",
       "      <th>highLevelMasterUni</th>\n",
       "      <th>paper</th>\n",
       "      <th>year</th>\n",
       "    </tr>\n",
       "  </thead>\n",
       "  <tbody>\n",
       "    <tr>\n",
       "      <th>countryCoded</th>\n",
       "      <td>1.000000</td>\n",
       "      <td>-0.233423</td>\n",
       "      <td>0.198801</td>\n",
       "      <td>-0.072802</td>\n",
       "      <td>-0.214348</td>\n",
       "      <td>-0.071829</td>\n",
       "      <td>-0.003735</td>\n",
       "      <td>-0.344367</td>\n",
       "      <td>-0.141624</td>\n",
       "      <td>-0.184028</td>\n",
       "      <td>-0.059172</td>\n",
       "      <td>0.045596</td>\n",
       "    </tr>\n",
       "    <tr>\n",
       "      <th>degreeCoded</th>\n",
       "      <td>-0.233423</td>\n",
       "      <td>1.000000</td>\n",
       "      <td>-0.180362</td>\n",
       "      <td>0.050019</td>\n",
       "      <td>0.507069</td>\n",
       "      <td>0.055572</td>\n",
       "      <td>0.034925</td>\n",
       "      <td>0.277032</td>\n",
       "      <td>0.145979</td>\n",
       "      <td>0.530627</td>\n",
       "      <td>0.366760</td>\n",
       "      <td>0.067163</td>\n",
       "    </tr>\n",
       "    <tr>\n",
       "      <th>engCoded</th>\n",
       "      <td>0.198801</td>\n",
       "      <td>-0.180362</td>\n",
       "      <td>1.000000</td>\n",
       "      <td>-0.024266</td>\n",
       "      <td>-0.240378</td>\n",
       "      <td>-0.150995</td>\n",
       "      <td>-0.062658</td>\n",
       "      <td>-0.280492</td>\n",
       "      <td>-0.246722</td>\n",
       "      <td>-0.158683</td>\n",
       "      <td>-0.020208</td>\n",
       "      <td>-0.039441</td>\n",
       "    </tr>\n",
       "    <tr>\n",
       "      <th>fieldGroup</th>\n",
       "      <td>-0.072802</td>\n",
       "      <td>0.050019</td>\n",
       "      <td>-0.024266</td>\n",
       "      <td>1.000000</td>\n",
       "      <td>0.029535</td>\n",
       "      <td>0.030246</td>\n",
       "      <td>0.059075</td>\n",
       "      <td>0.010689</td>\n",
       "      <td>0.020632</td>\n",
       "      <td>0.043751</td>\n",
       "      <td>0.025284</td>\n",
       "      <td>0.037319</td>\n",
       "    </tr>\n",
       "    <tr>\n",
       "      <th>fund</th>\n",
       "      <td>-0.214348</td>\n",
       "      <td>0.507069</td>\n",
       "      <td>-0.240378</td>\n",
       "      <td>0.029535</td>\n",
       "      <td>1.000000</td>\n",
       "      <td>0.154465</td>\n",
       "      <td>0.060127</td>\n",
       "      <td>0.300314</td>\n",
       "      <td>0.209722</td>\n",
       "      <td>0.350306</td>\n",
       "      <td>0.270571</td>\n",
       "      <td>0.071757</td>\n",
       "    </tr>\n",
       "    <tr>\n",
       "      <th>gpaBachelors</th>\n",
       "      <td>-0.071829</td>\n",
       "      <td>0.055572</td>\n",
       "      <td>-0.150995</td>\n",
       "      <td>0.030246</td>\n",
       "      <td>0.154465</td>\n",
       "      <td>1.000000</td>\n",
       "      <td>0.219793</td>\n",
       "      <td>0.023537</td>\n",
       "      <td>0.023148</td>\n",
       "      <td>0.034671</td>\n",
       "      <td>-0.020031</td>\n",
       "      <td>0.069588</td>\n",
       "    </tr>\n",
       "    <tr>\n",
       "      <th>gpaMasters</th>\n",
       "      <td>-0.003735</td>\n",
       "      <td>0.034925</td>\n",
       "      <td>-0.062658</td>\n",
       "      <td>0.059075</td>\n",
       "      <td>0.060127</td>\n",
       "      <td>0.219793</td>\n",
       "      <td>1.000000</td>\n",
       "      <td>-0.006572</td>\n",
       "      <td>0.027380</td>\n",
       "      <td>-0.001257</td>\n",
       "      <td>0.057022</td>\n",
       "      <td>0.064811</td>\n",
       "    </tr>\n",
       "    <tr>\n",
       "      <th>gre</th>\n",
       "      <td>-0.344367</td>\n",
       "      <td>0.277032</td>\n",
       "      <td>-0.280492</td>\n",
       "      <td>0.010689</td>\n",
       "      <td>0.300314</td>\n",
       "      <td>0.023537</td>\n",
       "      <td>-0.006572</td>\n",
       "      <td>1.000000</td>\n",
       "      <td>0.253372</td>\n",
       "      <td>0.217861</td>\n",
       "      <td>0.089604</td>\n",
       "      <td>0.006196</td>\n",
       "    </tr>\n",
       "    <tr>\n",
       "      <th>highLevelBachUni</th>\n",
       "      <td>-0.141624</td>\n",
       "      <td>0.145979</td>\n",
       "      <td>-0.246722</td>\n",
       "      <td>0.020632</td>\n",
       "      <td>0.209722</td>\n",
       "      <td>0.023148</td>\n",
       "      <td>0.027380</td>\n",
       "      <td>0.253372</td>\n",
       "      <td>1.000000</td>\n",
       "      <td>0.266335</td>\n",
       "      <td>-0.005919</td>\n",
       "      <td>-0.052365</td>\n",
       "    </tr>\n",
       "    <tr>\n",
       "      <th>highLevelMasterUni</th>\n",
       "      <td>-0.184028</td>\n",
       "      <td>0.530627</td>\n",
       "      <td>-0.158683</td>\n",
       "      <td>0.043751</td>\n",
       "      <td>0.350306</td>\n",
       "      <td>0.034671</td>\n",
       "      <td>-0.001257</td>\n",
       "      <td>0.217861</td>\n",
       "      <td>0.266335</td>\n",
       "      <td>1.000000</td>\n",
       "      <td>0.186581</td>\n",
       "      <td>-0.000902</td>\n",
       "    </tr>\n",
       "    <tr>\n",
       "      <th>paper</th>\n",
       "      <td>-0.059172</td>\n",
       "      <td>0.366760</td>\n",
       "      <td>-0.020208</td>\n",
       "      <td>0.025284</td>\n",
       "      <td>0.270571</td>\n",
       "      <td>-0.020031</td>\n",
       "      <td>0.057022</td>\n",
       "      <td>0.089604</td>\n",
       "      <td>-0.005919</td>\n",
       "      <td>0.186581</td>\n",
       "      <td>1.000000</td>\n",
       "      <td>0.034687</td>\n",
       "    </tr>\n",
       "    <tr>\n",
       "      <th>year</th>\n",
       "      <td>0.045596</td>\n",
       "      <td>0.067163</td>\n",
       "      <td>-0.039441</td>\n",
       "      <td>0.037319</td>\n",
       "      <td>0.071757</td>\n",
       "      <td>0.069588</td>\n",
       "      <td>0.064811</td>\n",
       "      <td>0.006196</td>\n",
       "      <td>-0.052365</td>\n",
       "      <td>-0.000902</td>\n",
       "      <td>0.034687</td>\n",
       "      <td>1.000000</td>\n",
       "    </tr>\n",
       "  </tbody>\n",
       "</table>\n",
       "</div>"
      ],
      "text/plain": [
       "                    countryCoded  degreeCoded  engCoded  fieldGroup      fund  \\\n",
       "countryCoded            1.000000    -0.233423  0.198801   -0.072802 -0.214348   \n",
       "degreeCoded            -0.233423     1.000000 -0.180362    0.050019  0.507069   \n",
       "engCoded                0.198801    -0.180362  1.000000   -0.024266 -0.240378   \n",
       "fieldGroup             -0.072802     0.050019 -0.024266    1.000000  0.029535   \n",
       "fund                   -0.214348     0.507069 -0.240378    0.029535  1.000000   \n",
       "gpaBachelors           -0.071829     0.055572 -0.150995    0.030246  0.154465   \n",
       "gpaMasters             -0.003735     0.034925 -0.062658    0.059075  0.060127   \n",
       "gre                    -0.344367     0.277032 -0.280492    0.010689  0.300314   \n",
       "highLevelBachUni       -0.141624     0.145979 -0.246722    0.020632  0.209722   \n",
       "highLevelMasterUni     -0.184028     0.530627 -0.158683    0.043751  0.350306   \n",
       "paper                  -0.059172     0.366760 -0.020208    0.025284  0.270571   \n",
       "year                    0.045596     0.067163 -0.039441    0.037319  0.071757   \n",
       "\n",
       "                    gpaBachelors  gpaMasters       gre  highLevelBachUni  \\\n",
       "countryCoded           -0.071829   -0.003735 -0.344367         -0.141624   \n",
       "degreeCoded             0.055572    0.034925  0.277032          0.145979   \n",
       "engCoded               -0.150995   -0.062658 -0.280492         -0.246722   \n",
       "fieldGroup              0.030246    0.059075  0.010689          0.020632   \n",
       "fund                    0.154465    0.060127  0.300314          0.209722   \n",
       "gpaBachelors            1.000000    0.219793  0.023537          0.023148   \n",
       "gpaMasters              0.219793    1.000000 -0.006572          0.027380   \n",
       "gre                     0.023537   -0.006572  1.000000          0.253372   \n",
       "highLevelBachUni        0.023148    0.027380  0.253372          1.000000   \n",
       "highLevelMasterUni      0.034671   -0.001257  0.217861          0.266335   \n",
       "paper                  -0.020031    0.057022  0.089604         -0.005919   \n",
       "year                    0.069588    0.064811  0.006196         -0.052365   \n",
       "\n",
       "                    highLevelMasterUni     paper      year  \n",
       "countryCoded                 -0.184028 -0.059172  0.045596  \n",
       "degreeCoded                   0.530627  0.366760  0.067163  \n",
       "engCoded                     -0.158683 -0.020208 -0.039441  \n",
       "fieldGroup                    0.043751  0.025284  0.037319  \n",
       "fund                          0.350306  0.270571  0.071757  \n",
       "gpaBachelors                  0.034671 -0.020031  0.069588  \n",
       "gpaMasters                   -0.001257  0.057022  0.064811  \n",
       "gre                           0.217861  0.089604  0.006196  \n",
       "highLevelBachUni              0.266335 -0.005919 -0.052365  \n",
       "highLevelMasterUni            1.000000  0.186581 -0.000902  \n",
       "paper                         0.186581  1.000000  0.034687  \n",
       "year                         -0.000902  0.034687  1.000000  "
      ]
     },
     "execution_count": 7,
     "metadata": {},
     "output_type": "execute_result"
    }
   ],
   "source": [
    "met=['pearson', 'kendall', 'spearman']\n",
    "df.corr(method=met[0])"
   ]
  },
  {
   "cell_type": "code",
   "execution_count": 8,
   "metadata": {
    "collapsed": false
   },
   "outputs": [
    {
     "data": {
      "text/plain": [
       "Series([], dtype: float64)"
      ]
     },
     "execution_count": 8,
     "metadata": {},
     "output_type": "execute_result"
    }
   ],
   "source": [
    "\n",
    "# Canada, Masters, Medium Eng , Want Fund, 2.5GPA , 0GPA MS, NoGRE, NoTopUni,noTopUniMS, 1Paper, 2017\n",
    "me=[1, 0, 2, 0, True, 2.5, 0, False, False, False, 1, 2017]\n",
    "me=[4, 1, 1, 7, True, 3.5, 3.44299, False, False, False, 4, 2007]\n",
    "sim=df.corrwith(Series(me), drop=True,axis=1).dropna()\n",
    "sim"
   ]
  },
  {
   "cell_type": "code",
   "execution_count": null,
   "metadata": {
    "collapsed": true
   },
   "outputs": [],
   "source": []
  }
 ],
 "metadata": {
  "kernelspec": {
   "display_name": "Python 2",
   "language": "python",
   "name": "python2"
  },
  "language_info": {
   "codemirror_mode": {
    "name": "ipython",
    "version": 2
   },
   "file_extension": ".py",
   "mimetype": "text/x-python",
   "name": "python",
   "nbconvert_exporter": "python",
   "pygments_lexer": "ipython2",
   "version": "2.7.13"
  }
 },
 "nbformat": 4,
 "nbformat_minor": 2
}
